# Thickness[m] 	 Eta as fraction for Flat scatterer with Qi = 1.0, 0.01, 1E-4, 1E-6
1.000000000000000021e-08 3.083701106647523255e-02 2.556961473802665114e-02 2.268789746478072980e-02 1.982126838501198710e-02
1.389495494373138813e-08 4.100439218154518922e-02 3.399482478617419506e-02 3.015920450526402008e-02 2.634454813222406044e-02
1.930697728883249575e-08 5.381805908784859788e-02 4.460759415769370573e-02 3.956816778960958736e-02 3.455571481663070182e-02
2.682695795279727165e-08 6.953755913120940324e-02 5.761882337641745233e-02 5.109852023068346683e-02 4.461292267045639109e-02
3.727593720314937660e-08 8.820396345199289778e-02 7.305871675080641281e-02 6.477328848287437768e-02 5.653251455885114490e-02
5.179474679231212409e-08 1.095207500299218845e-01 9.067119952724501941e-02 8.036021770106870077e-02 7.010669101396463376e-02
7.196856730011513376e-08 1.327341345384463189e-01 1.098265598044245450e-01 9.729784752674830450e-02 8.483758938250839099e-02
9.999999999999999547e-08 1.566499228394842569e-01 1.295231721080822018e-01 1.146902702383742756e-01 9.993892735417267414e-02
1.389495494373135967e-07 1.798506154133386603e-01 1.485787291062807269e-01 1.314849257861031573e-01 1.144882955360028015e-01
1.930697728883249708e-07 2.011389633764212870e-01 1.660060902825002405e-01 1.468094355005952201e-01 1.277199885651573441e-01
2.682695795279727496e-07 2.199730032692470971e-01 1.813487750198999049e-01 1.602572224345442109e-01 1.392839496563893775e-01
3.727593720314938057e-07 2.364620400502854269e-01 1.947036578678920937e-01 1.719174912206867245e-01 1.492618212507769715e-01
5.179474679231212542e-07 2.509875181921036313e-01 2.063815140998062347e-01 1.820686282053349259e-01 1.578997047189919789e-01
7.196856730011514170e-07 2.638008735566401697e-01 2.166006225555828779e-01 1.909115844768711767e-01 1.653696426124361962e-01
9.999999999999999547e-07 2.750009880449539867e-01 2.254345810095354230e-01 1.985057455407421845e-01 1.717392094812061065e-01
1.389495494373135967e-06 2.846830410426374747e-01 2.329578212506444868e-01 2.049281400721298940e-01 1.770642831858660615e-01
1.930697728883249761e-06 2.929600569310956137e-01 2.392591964693901452e-01 2.102551672635794566e-01 1.814205702157914435e-01
2.682695795279727390e-06 2.999901037081896260e-01 2.444619046544334595e-01 2.145984711499911990e-01 1.849167439753928721e-01
3.727593720314938057e-06 3.059416208223514899e-01 2.486986593447183536e-01 2.180766143978569438e-01 1.876456212184036132e-01
5.179474679231202166e-06 3.109552189495475849e-01 2.520754000011531937e-01 2.207886360561703010e-01 1.896971086220519132e-01
7.196856730011513747e-06 3.151565648170269740e-01 2.546847344659564083e-01 2.228157075900861206e-01 1.911462028518343959e-01
1.000000000000000082e-05 3.186383918914456048e-01 2.565948150503462588e-01 2.242197072413555370e-01 1.920485090220768465e-01
1.389495494373136094e-05 3.214671986199866272e-01 2.578569517239563957e-01 2.250475446578286132e-01 1.924465363527761708e-01
1.930697728883249591e-05 3.237268535274931969e-01 2.585287520880346079e-01 2.253514889608253802e-01 1.923872144738773271e-01
2.682695795279727390e-05 3.255031507844955985e-01 2.586902064008737567e-01 2.252031845389212139e-01 1.919338403139508598e-01
3.727593720314938141e-05 3.269178330362292328e-01 2.584347624483594452e-01 2.246857288134820885e-01 1.911591592007321483e-01
5.179474679231202335e-05 3.280770823421102489e-01 2.578507473663855798e-01 2.238773888839520332e-01 1.901313767831046275e-01
7.196856730011514085e-05 3.290586947591729872e-01 2.570077826447270675e-01 2.228397879509152191e-01 1.889041172433324478e-01
1.000000000000000048e-04 3.299017050977328114e-01 2.559508801219722574e-01 2.216128652645299735e-01 1.875122474154943264e-01
1.389495494373135993e-04 3.306424473078234949e-01 2.547045450536233324e-01 2.202185713215255303e-01 1.859751641530411059e-01
1.930697728883249591e-04 3.312785891781509506e-01 2.532830231560982415e-01 2.186698673946816385e-01 1.843045462436510573e-01
2.682695795279721766e-04 3.318202213275912582e-01 2.516983093570827612e-01 2.169775592261670993e-01 1.825101963058242405e-01
3.727593720314937870e-04 3.322751856597023212e-01 2.499661648053096152e-01 2.151522020378787148e-01 1.806016622738727817e-01
5.179474679231213042e-04 3.326481637737460084e-01 2.480913067620676982e-01 2.132026571211715904e-01 1.785863892044974310e-01
7.196856730011514085e-04 3.329502015981691820e-01 2.460720970956685738e-01 2.111307758217531583e-01 1.764642258249574935e-01
1.000000000000000021e-03 3.331545846458193738e-01 2.438971231498857362e-01 2.089240781497910537e-01 1.742280122780204554e-01
