# Thickness[m] 	 Eta as fraction for Lambertian scatterer with Qi = 1.0, 0.01, 1E-4, 1E-6
1.000000000000000021e-08 1.547517057593338907e-01 1.362440070346180310e-01 1.214717089309413495e-01 1.067661461133808387e-01
1.389495494373138813e-08 1.731466043101656804e-01 1.523269172929624105e-01 1.357310730593427606e-01 1.192089988508537313e-01
1.930697728883249575e-08 1.909168139573224343e-01 1.678201594519733442e-01 1.494393794701446287e-01 1.311415018091803553e-01
2.682695795279727165e-08 2.077725311063697011e-01 1.824641543443251968e-01 1.623682078092772985e-01 1.423632488116738093e-01
3.727593720314937660e-08 2.235028952558395787e-01 1.960710383554359060e-01 1.743492758308067825e-01 1.527273722927737498e-01
5.179474679231212409e-08 2.379671005092048042e-01 2.085102256313394464e-01 1.852665111546180632e-01 1.621333715460203106e-01
7.196856730011513376e-08 2.510829937869760720e-01 2.196989467923773087e-01 1.950484006892872213e-01 1.705200879330534824e-01
9.999999999999999547e-08 2.628209455679461071e-01 2.296119828466612889e-01 2.036804570072118237e-01 1.778747583344414407e-01
1.389495494373135967e-07 2.732014349595736080e-01 2.382514830089288160e-01 2.111592053839738137e-01 1.841997406338594379e-01
1.930697728883249708e-07 2.822925791838282739e-01 2.456816623628222673e-01 2.175457274631545923e-01 1.895533833333319096e-01
2.682695795279727496e-07 2.902002076714270129e-01 2.519775503936136918e-01 2.229127136837179002e-01 1.939956464015713811e-01
3.727593720314938057e-07 2.970464023809482601e-01 2.572417518454524488e-01 2.273503661147532051e-01 1.976111274702848919e-01
5.179474679231212542e-07 3.029454065586613121e-01 2.615722084953933102e-01 2.309475767704048110e-01 2.004842340967778747e-01
7.196856730011514170e-07 3.079936420331508828e-01 2.650584478588340342e-01 2.337834331657649978e-01 2.026827261780111133e-01
9.999999999999999547e-07 3.122926693565495904e-01 2.677726586456019575e-01 2.359303556764149323e-01 2.042676054070802216e-01
1.389495494373135967e-06 3.159194066814740021e-01 2.697925689587215570e-01 2.374549907795517056e-01 2.053023185804135342e-01
1.930697728883249761e-06 3.189701357678959015e-01 2.711957395522966441e-01 2.384275630036237770e-01 2.058497197879395058e-01
2.682695795279727390e-06 3.215257470408671159e-01 2.720572755477951854e-01 2.389158884465323596e-01 2.059703051384910166e-01
3.727593720314938057e-06 3.236626250449715081e-01 2.724472114291085489e-01 2.389830724357288605e-01 2.057202254914624606e-01
5.179474679231202166e-06 3.254510627236930076e-01 2.724285358129240331e-01 2.386857863977277505e-01 2.051498168652126086e-01
7.196856730011513747e-06 3.269394480772936373e-01 2.720561191844053650e-01 2.380733515416987023e-01 2.043028405083435473e-01
1.000000000000000082e-05 3.281893130678134041e-01 2.713764715628917412e-01 2.371875594007820942e-01 2.032163658977871601e-01
1.389495494373136094e-05 3.292298409923483105e-01 2.704283224569077881e-01 2.360632167287405048e-01 2.019212795238883307e-01
1.930697728883249591e-05 3.300987643725779574e-01 2.692449266986446932e-01 2.347292862966885718e-01 2.004431880257352694e-01
2.682695795279727390e-05 3.308244665599602841e-01 2.678544389092218925e-01 2.332127561106487057e-01 1.988031374891535974e-01
3.727593720314938141e-05 3.314261602628373327e-01 2.662755911016692068e-01 2.315298453815169688e-01 1.970183634599529388e-01
5.179474679231202335e-05 3.319152802292695270e-01 2.645267097042213189e-01 2.296971049510251883e-01 1.951036868460866436e-01
7.196856730011514085e-05 3.323080708329420596e-01 2.626252565208841427e-01 2.277302697856113667e-01 1.930731609042568298e-01
1.000000000000000048e-04 3.326154049920189704e-01 2.605893502860887612e-01 2.256455843069122003e-01 1.909412033564540367e-01
1.389495494373135993e-04 3.328500818716396692e-01 2.584382126942081914e-01 2.234601831936816885e-01 1.887245951631725538e-01
1.930697728883249591e-04 3.330185692716827184e-01 2.561916005919089856e-01 2.211915895729783532e-01 1.864393381305977371e-01
2.682695795279721766e-04 3.331355984174812490e-01 2.538686378818954537e-01 2.188566971005335704e-01 1.840979174307757760e-01
3.727593720314937870e-04 3.332183848697563011e-01 2.514878695888823068e-01 2.164707934722549243e-01 1.817135557783063349e-01
5.179474679231213042e-04 3.332724740940723462e-01 2.490679366514707282e-01 2.140469405441195461e-01 1.792975124579633539e-01
7.196856730011514085e-04 3.333050046458146953e-01 2.466159404764274032e-01 2.115993413394854916e-01 1.768588073472762145e-01
1.000000000000000021e-03 3.333224022073733028e-01 2.441412785876839464e-01 2.091341118315980241e-01 1.744045111813745941e-01
