Automatically generated mesh
      39
Reciprocal lattice
    0.00000000000000    0.00000000000000    0.00000000000000             1
    0.20000000000000    0.00000000000000    0.00000000000000             4
    0.40000000000000    0.00000000000000    0.00000000000000             4
    0.00000000000000    0.20000000000000    0.00000000000000             2
    0.40000000000000    0.20000000000000    0.00000000000000             2
   -0.40000000000000    0.20000000000000    0.00000000000000             4
   -0.20000000000000    0.20000000000000    0.00000000000000             4
    0.00000000000000    0.40000000000000    0.00000000000000             2
   -0.20000000000000    0.40000000000000    0.00000000000000             2
    0.00000000000000    0.00000000000000    0.20000000000000             2
    0.20000000000000    0.00000000000000    0.20000000000000             4
    0.40000000000000    0.00000000000000    0.20000000000000             4
   -0.40000000000000    0.00000000000000    0.20000000000000             4
   -0.20000000000000    0.00000000000000    0.20000000000000             4
    0.00000000000000    0.20000000000000    0.20000000000000             4
    0.40000000000000    0.20000000000000    0.20000000000000             2
   -0.40000000000000    0.20000000000000    0.20000000000000             4
   -0.20000000000000    0.20000000000000    0.20000000000000             4
    0.00000000000000    0.40000000000000    0.20000000000000             4
    0.20000000000000    0.40000000000000    0.20000000000000             4
   -0.20000000000000    0.40000000000000    0.20000000000000             2
    0.20000000000000   -0.40000000000000    0.20000000000000             2
    0.40000000000000   -0.40000000000000    0.20000000000000             4
   -0.40000000000000   -0.20000000000000    0.20000000000000             2
    0.00000000000000    0.00000000000000    0.40000000000000             2
    0.20000000000000    0.00000000000000    0.40000000000000             4
    0.40000000000000    0.00000000000000    0.40000000000000             4
   -0.40000000000000    0.00000000000000    0.40000000000000             4
   -0.20000000000000    0.00000000000000    0.40000000000000             4
    0.00000000000000    0.20000000000000    0.40000000000000             4
    0.40000000000000    0.20000000000000    0.40000000000000             2
   -0.40000000000000    0.20000000000000    0.40000000000000             4
   -0.20000000000000    0.20000000000000    0.40000000000000             4
    0.00000000000000    0.40000000000000    0.40000000000000             4
    0.20000000000000    0.40000000000000    0.40000000000000             4
   -0.20000000000000    0.40000000000000    0.40000000000000             2
    0.20000000000000   -0.40000000000000    0.40000000000000             2
    0.40000000000000   -0.40000000000000    0.40000000000000             4
   -0.40000000000000   -0.20000000000000    0.40000000000000             2
Tetrahedra
       318    0.00133333333333
         4        11        12        20        27
         2        11        12        16        27
         2        11        16        27        31
         2        11        20        27        35
         2        11        26        27        35
         4        11        26        27        31
         4        12        16        17        32
         2        16        17        17        32
         2        16        17        32        32
         2        12        16        27        32
         2        16        27        31        32
         2        16        31        32        32
         2        17        17        21        36
         2        17        18        21        36
         2        17        18        33        36
         2        17        17        32        36
         2        17        32        32        36
         4        17        32        33        36
         4        18        19        21        34
         2        15        18        19        34
         2        15        18        30        34
         2        18        21        34        36
         2        18        33        34        36
         4        18        30        33        34
         4        15        19        20        35
         2        11        15        20        35
         2        11        15        26        35
         2        15        19        34        35
         2        15        30        34        35
         4        15        26        30        35
         4        20        22        23        38
         2        12        20        23        38
         2        12        20        27        38
         2        20        22        37        38
         2        20        35        37        38
         4        20        27        35        38
         4        12        13        23        28
         2        12        13        17        28
         2        12        17        28        32
         2        12        23        28        38
         2        12        27        28        38
         4        12        27        28        32
         4        13        17        18        33
         2        17        18        21        33
         2        17        21        33        36
         2        13        17        28        33
         2        17        28        32        33
         2        19        19        21        34
         2        19        21        34        34
         2        18        21        33        34
         2        21        33        34        36
         2        21        34        34        36
         2        19        19        22        37
         2        19        20        22        37
         2        19        20        35        37
         2        19        19        34        37
         2        19        34        34        37
         4        19        34        35        37
         2        22        23        23        38
         2        22        23        38        38
         2        20        22        35        38
         2        22        35        37        38
         2        22        37        38        38
         2        23        23        24        39
         2        13        23        24        39
         2        13        23        28        39
         2        23        23        38        39
         2        23        38        38        39
         4        23        28        38        39
         4        13        14        24        29
         2        13        14        18        29
         2        13        18        29        33
         2        13        24        29        39
         2        13        28        29        39
         4        13        28        29        33
         4        14        15        18        30
         2        15        18        19        30
         2        18        19        30        34
         2        14        18        29        30
         2        18        29        30        33
         2        19        20        22        35
         2        19        22        35        37
         2        15        19        30        35
         2        19        30        34        35
         2        12        20        23        27
         2        20        23        27        38
         2        11        20        26        27
         2        20        26        27        35
         2        13        23        24        28
         2        23        24        28        39
         2        12        23        27        28
         2        23        27        28        38
         2        14        14        24        29
         2        14        24        29        29
         2        13        24        28        29
         2        24        28        29        39
         2        24        29        29        39
         2        10        14        14        25
         2        10        14        15        25
         2        14        15        25        30
         2        14        14        25        29
         2        14        25        29        29
         4        14        25        29        30
         4        10        11        15        26
         2        11        15        20        26
         2        15        20        26        35
         2        10        15        25        26
         2        15        25        26        30
         2        11        11        16        31
         2        11        12        16        31
         2        11        12        27        31
         2        11        11        26        31
         2        11        26        26        31
         2        12        13        17        32
         2        12        13        28        32
         2        12        16        31        32
         2        12        27        31        32
         2        13        14        18        33
         2        13        14        29        33
         2        13        17        32        33
         2        13        28        32        33
         2        10        14        15        30
         2        10        14        25        30
         2        14        18        30        33
         2        14        29        30        33
         2        10        11        11        26
         2        10        11        26        26
         2        10        15        26        30
         2        10        25        26        30
         2        10        25        26        26
         4        26        27        28        35
         2        26        27        28        31
         2        26        28        31        39
         2        26        28        33        35
         2        26        28        29        33
         4        26        28        29        39
         4        27        31        32        38
         2        31        32        32        38
         2        31        32        38        38
         2        27        28        31        38
         2        28        31        38        39
         2        31        38        38        39
         2        32        32        36        37
         2        32        33        36        37
         2        32        33        35        37
         2        32        32        37        38
         2        32        37        38        38
         4        32        35        37        38
         4        33        34        34        36
         4        30        33        34        34
         4        30        30        33        34
         2        33        34        36        37
         2        33        34        35        37
         4        30        33        34        35
         2        26        30        33        35
         2        26        29        30        33
         4        29        30        30        33
         2        27        32        35        38
         2        27        28        32        35
         2        32        35        36        37
         2        32        33        35        36
         4        28        32        33        35
         6        27        27        28        38
         2        27        27        28        32
         2        27        27        32        38
         4        34        34        34        36
         2        33        34        35        36
         2        34        35        36        37
         2        34        34        36        37
         2        27        28        35        38
         2        28        32        35        38
         2        26        28        29        35
         2        28        29        33        35
         2        27        28        38        39
         2        27        31        38        39
         2        27        28        32        38
         2        26        29        29        39
         2        26        26        29        39
         2        26        27        28        39
         2        26        27        31        39
         2        26        26        31        39
         2        25        25        29        29
         4        25        25        29        30
         4        25        29        30        30
         2        25        26        29        29
         2        25        26        26        29
         4        25        26        29        30
         2        26        29        30        35
         2        29        30        33        35
         4         3        13        14        18
         2         3        13        14        24
         2         3         5        14        24
         2         3         7        14        18
         2         2         3         7        14
         4         2         3         5        14
         4         6        13        23        24
         2         6        23        23        24
         2         6         6        23        24
         2         3         6        13        24
         2         3         5         6        24
         2         5         6         6        24
         2         9        22        23        23
         2         9        20        22        23
         2         7         9        20        23
         2         6         9        23        23
         2         6         6         9        23
         4         6         7         9        23
         4         8        19        20        22
         2         8        15        19        20
         2         4         8        15        20
         2         8         9        20        22
         2         7         8         9        20
         4         4         7         8        20
         4         7        15        18        19
         2         7        14        15        18
         2         2         7        14        15
         2         7         8        15        19
         2         4         7         8        15
         4         2         4         7        15
         4         6        17        18        21
         2         6        13        17        18
         2         3         6        13        18
         2         6         9        18        21
         2         6         7         9        18
         4         3         6         7        18
         4         3        12        13        17
         2         3        12        13        23
         2         3         6        13        23
         2         3         6        13        17
         6         3         3         6        13
         4         7        12        20        23
         2         7        20        22        23
         2         7         9        22        23
         2         3         7        12        23
         2         3         6         7        23
         2         8        19        19        22
         2         8         8        19        22
         2         7         8        20        22
         2         7         8         9        22
         2         8         8         9        22
         2         9        19        19        21
         2         9        18        19        21
         2         7         9        18        19
         2         8         9        19        19
         2         8         8         9        19
         4         7         8         9        19
         2         6        17        17        21
         2         6         6        17        21
         2         6         7        18        21
         2         6         7         9        21
         2         6         6         9        21
         2         5        16        17        17
         2         5        12        16        17
         2         3         5        12        17
         2         5         6        17        17
         2         5         6         6        17
         4         3         5         6        17
         4         2        11        12        16
         2         2        11        12        20
         2         2         7        12        20
         2         2         5        12        16
         2         2         3         5        12
         4         2         3         7        12
         4         4        11        15        20
         2         4        15        19        20
         2         4         8        19        20
         2         2         4        11        20
         2         2         4         7        20
         2         7        18        19        21
         2         7         9        19        21
         2         4         7        15        19
         2         4         7         8        19
         2         3        13        17        18
         2         3         6        17        18
         2         2         3        14        18
         2         2         3         7        18
         2         3        12        16        17
         2         3         5        16        17
         2         3         3        13        17
         2         3         3         6        17
         2         2        11        11        16
         2         2         2        11        16
         2         2         3        12        16
         2         2         3         5        16
         2         2         2         5        16
         2         1        10        11        11
         2         1        10        11        15
         2         1         4        11        15
         2         1         2        11        11
         2         1         2         2        11
         4         1         2         4        11
         4         2        10        14        15
         2         2        14        15        18
         2         2         7        15        18
         2         1         2        10        15
         2         1         2         4        15
         2         5        14        14        24
         2         5        13        14        24
         2         3         5        13        14
         2         2         5        14        14
         2         2         2         5        14
         2         6        12        13        23
         2         3         6        12        13
         2         5         6        13        24
         2         3         5         6        13
         2         7        11        12        20
         2         2         7        11        12
         2         6         7        12        23
         2         3         6         7        12
         2         4        10        11        15
         2         1         4        10        11
         2         4         7        11        20
         2         2         4         7        11
         2         2        10        14        14
         2         2         2        10        14
         2         2         4        10        15
         2         1         2         4        10
         2         1         2         2        10
