# Thickness[m] 	 Eta as fraction for Lambertian scatterer with Qi = 1.0, 0.01, 1E-4, 1E-6
1.000000000000000021e-08 nan nan nan nan
1.389495494373138813e-08 nan nan nan nan
1.930697728883249575e-08 nan nan nan nan
2.682695795279727165e-08 nan nan nan nan
3.727593720314937660e-08 nan nan nan nan
5.179474679231212409e-08 nan nan nan nan
7.196856730011513376e-08 nan nan nan nan
9.999999999999999547e-08 nan nan nan nan
1.389495494373135967e-07 nan nan nan nan
1.930697728883249708e-07 nan nan nan nan
2.682695795279727496e-07 nan nan nan nan
3.727593720314938057e-07 nan nan nan nan
5.179474679231212542e-07 nan nan nan nan
7.196856730011514170e-07 nan nan nan nan
9.999999999999999547e-07 nan nan nan nan
1.389495494373135967e-06 nan nan nan nan
1.930697728883249761e-06 nan nan nan nan
2.682695795279727390e-06 nan nan nan nan
3.727593720314938057e-06 nan nan nan nan
5.179474679231202166e-06 nan nan nan nan
7.196856730011513747e-06 nan nan nan nan
1.000000000000000082e-05 nan nan nan nan
1.389495494373136094e-05 nan nan nan nan
1.930697728883249591e-05 nan nan nan nan
2.682695795279727390e-05 nan nan nan nan
3.727593720314938141e-05 nan nan nan nan
5.179474679231202335e-05 nan nan nan nan
7.196856730011514085e-05 nan nan nan nan
1.000000000000000048e-04 nan nan nan nan
1.389495494373135993e-04 nan nan nan nan
1.930697728883249591e-04 nan nan nan nan
2.682695795279721766e-04 nan nan nan nan
3.727593720314937870e-04 nan nan nan nan
5.179474679231213042e-04 nan nan nan nan
7.196856730011514085e-04 nan nan nan nan
1.000000000000000021e-03 nan nan nan nan
