Automatically generated mesh
     703
Reciprocal lattice
    0.00000000000000    0.00000000000000    0.00000000000000             1
    0.11111111111111    0.00000000000000    0.00000000000000             2
    0.22222222222222    0.00000000000000    0.00000000000000             2
    0.33333333333334   -0.00000000000000    0.00000000000000             2
    0.44444444444444    0.00000000000000    0.00000000000000             2
    0.00000000000000    0.07692307692308   -0.00000000000000             2
    0.11111111111111    0.07692307692308    0.00000000000000             2
    0.22222222222222    0.07692307692308    0.00000000000000             2
    0.33333333333334    0.07692307692308    0.00000000000000             2
    0.44444444444444    0.07692307692308    0.00000000000000             2
   -0.44444444444444    0.07692307692308   -0.00000000000000             2
   -0.33333333333334    0.07692307692308   -0.00000000000000             2
   -0.22222222222222    0.07692307692308   -0.00000000000000             2
   -0.11111111111111    0.07692307692308   -0.00000000000000             2
    0.00000000000000    0.15384615384615   -0.00000000000000             2
    0.11111111111111    0.15384615384615    0.00000000000000             2
    0.22222222222222    0.15384615384615    0.00000000000000             2
    0.33333333333334    0.15384615384615    0.00000000000000             2
    0.44444444444444    0.15384615384615    0.00000000000000             2
   -0.44444444444444    0.15384615384615   -0.00000000000000             2
   -0.33333333333334    0.15384615384615   -0.00000000000000             2
   -0.22222222222222    0.15384615384615   -0.00000000000000             2
   -0.11111111111111    0.15384615384615   -0.00000000000000             2
   -0.00000000000000    0.23076923076923    0.00000000000000             2
    0.11111111111111    0.23076923076923    0.00000000000000             2
    0.22222222222222    0.23076923076923    0.00000000000000             2
    0.33333333333334    0.23076923076923    0.00000000000000             2
    0.44444444444444    0.23076923076923    0.00000000000000             2
   -0.44444444444444    0.23076923076923   -0.00000000000000             2
   -0.33333333333334    0.23076923076923   -0.00000000000000             2
   -0.22222222222222    0.23076923076923   -0.00000000000000             2
   -0.11111111111111    0.23076923076923   -0.00000000000000             2
    0.00000000000000    0.30769230769231   -0.00000000000000             2
    0.11111111111111    0.30769230769231   -0.00000000000000             2
    0.22222222222222    0.30769230769231    0.00000000000000             2
    0.33333333333334    0.30769230769231    0.00000000000000             2
    0.44444444444444    0.30769230769231    0.00000000000000             2
   -0.44444444444444    0.30769230769231   -0.00000000000000             2
   -0.33333333333334    0.30769230769231   -0.00000000000000             2
   -0.22222222222222    0.30769230769231   -0.00000000000000             2
   -0.11111111111111    0.30769230769231   -0.00000000000000             2
   -0.00000000000000    0.38461538461539    0.00000000000000             2
    0.11111111111111    0.38461538461539    0.00000000000000             2
    0.22222222222222    0.38461538461539    0.00000000000000             2
    0.33333333333334    0.38461538461539    0.00000000000000             2
    0.44444444444444    0.38461538461539    0.00000000000000             2
   -0.44444444444444    0.38461538461539   -0.00000000000000             2
   -0.33333333333334    0.38461538461539   -0.00000000000000             2
   -0.22222222222222    0.38461538461539    0.00000000000000             2
   -0.11111111111111    0.38461538461539    0.00000000000000             2
    0.00000000000000    0.46153846153846    0.00000000000000             2
    0.11111111111111    0.46153846153846    0.00000000000000             2
    0.22222222222222    0.46153846153846    0.00000000000000             2
    0.33333333333334    0.46153846153846    0.00000000000000             2
    0.44444444444444    0.46153846153846    0.00000000000000             2
   -0.44444444444444    0.46153846153846   -0.00000000000000             2
   -0.33333333333334    0.46153846153846   -0.00000000000000             2
   -0.22222222222222    0.46153846153846   -0.00000000000000             2
   -0.11111111111111    0.46153846153846   -0.00000000000000             2
   -0.00000000000000   -0.00000000000000    0.08333333333334             2
    0.11111111111111   -0.00000000000000    0.08333333333334             2
    0.22222222222222    0.00000000000000    0.08333333333334             2
    0.33333333333334   -0.00000000000000    0.08333333333334             2
    0.44444444444444   -0.00000000000000    0.08333333333334             2
   -0.44444444444444    0.00000000000000    0.08333333333334             2
   -0.33333333333334   -0.00000000000000    0.08333333333334             2
   -0.22222222222222   -0.00000000000000    0.08333333333334             2
   -0.11111111111111   -0.00000000000000    0.08333333333334             2
   -0.00000000000000    0.07692307692308    0.08333333333334             2
    0.11111111111111    0.07692307692308    0.08333333333334             2
    0.22222222222222    0.07692307692308    0.08333333333334             2
    0.33333333333334    0.07692307692308    0.08333333333334             2
    0.44444444444444    0.07692307692308    0.08333333333334             2
   -0.44444444444444    0.07692307692308    0.08333333333334             2
   -0.33333333333334    0.07692307692308    0.08333333333334             2
   -0.22222222222222    0.07692307692308    0.08333333333334             2
   -0.11111111111111    0.07692307692308    0.08333333333334             2
   -0.00000000000000    0.15384615384615    0.08333333333334             2
    0.11111111111111    0.15384615384615    0.08333333333334             2
    0.22222222222222    0.15384615384615    0.08333333333334             2
    0.33333333333334    0.15384615384615    0.08333333333334             2
    0.44444444444444    0.15384615384615    0.08333333333334             2
   -0.44444444444444    0.15384615384615    0.08333333333334             2
   -0.33333333333334    0.15384615384615    0.08333333333334             2
   -0.22222222222222    0.15384615384615    0.08333333333334             2
   -0.11111111111111    0.15384615384615    0.08333333333334             2
    0.00000000000000    0.23076923076923    0.08333333333334             2
    0.11111111111111    0.23076923076923    0.08333333333334             2
    0.22222222222222    0.23076923076923    0.08333333333334             2
    0.33333333333334    0.23076923076923    0.08333333333334             2
    0.44444444444444    0.23076923076923    0.08333333333334             2
   -0.44444444444444    0.23076923076923    0.08333333333334             2
   -0.33333333333334    0.23076923076923    0.08333333333334             2
   -0.22222222222222    0.23076923076923    0.08333333333334             2
   -0.11111111111111    0.23076923076923    0.08333333333334             2
    0.00000000000000    0.30769230769231    0.08333333333334             2
    0.11111111111111    0.30769230769231    0.08333333333334             2
    0.22222222222222    0.30769230769231    0.08333333333334             2
    0.33333333333334    0.30769230769231    0.08333333333334             2
    0.44444444444444    0.30769230769231    0.08333333333334             2
   -0.44444444444444    0.30769230769231    0.08333333333334             2
   -0.33333333333334    0.30769230769231    0.08333333333334             2
   -0.22222222222222    0.30769230769231    0.08333333333334             2
   -0.11111111111111    0.30769230769231    0.08333333333334             2
   -0.00000000000000    0.38461538461539    0.08333333333334             2
    0.11111111111111    0.38461538461539    0.08333333333334             2
    0.22222222222222    0.38461538461539    0.08333333333334             2
    0.33333333333334    0.38461538461539    0.08333333333334             2
    0.44444444444444    0.38461538461539    0.08333333333334             2
   -0.44444444444444    0.38461538461539    0.08333333333334             2
   -0.33333333333334    0.38461538461539    0.08333333333334             2
   -0.22222222222222    0.38461538461539    0.08333333333334             2
   -0.11111111111111    0.38461538461539    0.08333333333334             2
    0.00000000000000    0.46153846153846    0.08333333333334             2
    0.11111111111111    0.46153846153846    0.08333333333334             2
    0.22222222222222    0.46153846153846    0.08333333333334             2
    0.33333333333334    0.46153846153846    0.08333333333334             2
    0.44444444444444    0.46153846153846    0.08333333333334             2
   -0.44444444444444    0.46153846153846    0.08333333333334             2
   -0.33333333333334    0.46153846153846    0.08333333333334             2
   -0.22222222222222    0.46153846153846    0.08333333333334             2
   -0.11111111111111    0.46153846153846    0.08333333333334             2
   -0.00000000000000   -0.46153846153846    0.08333333333334             2
    0.11111111111111   -0.46153846153846    0.08333333333334             2
    0.22222222222222   -0.46153846153846    0.08333333333334             2
    0.33333333333334   -0.46153846153846    0.08333333333334             2
    0.44444444444444   -0.46153846153846    0.08333333333334             2
   -0.44444444444444   -0.46153846153846    0.08333333333334             2
   -0.33333333333334   -0.46153846153846    0.08333333333334             2
   -0.22222222222222   -0.46153846153846    0.08333333333334             2
   -0.11111111111111   -0.46153846153846    0.08333333333334             2
    0.00000000000000   -0.38461538461539    0.08333333333334             2
    0.11111111111111   -0.38461538461539    0.08333333333334             2
    0.22222222222222   -0.38461538461539    0.08333333333334             2
    0.33333333333334   -0.38461538461539    0.08333333333334             2
    0.44444444444444   -0.38461538461539    0.08333333333334             2
   -0.44444444444444   -0.38461538461539    0.08333333333334             2
   -0.33333333333334   -0.38461538461539    0.08333333333334             2
   -0.22222222222222   -0.38461538461539    0.08333333333334             2
   -0.11111111111111   -0.38461538461539    0.08333333333334             2
   -0.00000000000000   -0.30769230769231    0.08333333333334             2
    0.11111111111111   -0.30769230769231    0.08333333333334             2
    0.22222222222222   -0.30769230769231    0.08333333333334             2
    0.33333333333334   -0.30769230769231    0.08333333333334             2
    0.44444444444444   -0.30769230769231    0.08333333333334             2
   -0.44444444444444   -0.30769230769231    0.08333333333334             2
   -0.33333333333334   -0.30769230769231    0.08333333333334             2
   -0.22222222222222   -0.30769230769231    0.08333333333334             2
   -0.11111111111111   -0.30769230769231    0.08333333333334             2
   -0.00000000000000   -0.23076923076923    0.08333333333334             2
    0.11111111111111   -0.23076923076923    0.08333333333334             2
    0.22222222222222   -0.23076923076923    0.08333333333334             2
    0.33333333333334   -0.23076923076923    0.08333333333334             2
    0.44444444444444   -0.23076923076923    0.08333333333334             2
   -0.44444444444444   -0.23076923076923    0.08333333333334             2
   -0.33333333333334   -0.23076923076923    0.08333333333334             2
   -0.22222222222222   -0.23076923076923    0.08333333333334             2
   -0.11111111111111   -0.23076923076923    0.08333333333334             2
    0.00000000000000   -0.15384615384615    0.08333333333334             2
    0.11111111111111   -0.15384615384615    0.08333333333334             2
    0.22222222222222   -0.15384615384615    0.08333333333334             2
    0.33333333333334   -0.15384615384615    0.08333333333334             2
    0.44444444444444   -0.15384615384615    0.08333333333334             2
   -0.44444444444444   -0.15384615384615    0.08333333333334             2
   -0.33333333333334   -0.15384615384615    0.08333333333334             2
   -0.22222222222222   -0.15384615384615    0.08333333333334             2
   -0.11111111111111   -0.15384615384615    0.08333333333334             2
   -0.00000000000000   -0.07692307692308    0.08333333333334             2
    0.11111111111111   -0.07692307692308    0.08333333333334             2
    0.22222222222222   -0.07692307692308    0.08333333333334             2
    0.33333333333334   -0.07692307692308    0.08333333333334             2
    0.44444444444444   -0.07692307692308    0.08333333333334             2
   -0.44444444444444   -0.07692307692308    0.08333333333334             2
   -0.33333333333334   -0.07692307692308    0.08333333333334             2
   -0.22222222222222   -0.07692307692308    0.08333333333334             2
   -0.11111111111111   -0.07692307692308    0.08333333333334             2
    0.00000000000000   -0.00000000000000    0.16666666666666             2
    0.11111111111111   -0.00000000000000    0.16666666666666             2
    0.22222222222222   -0.00000000000000    0.16666666666666             2
    0.33333333333334    0.00000000000000    0.16666666666666             2
    0.44444444444444    0.00000000000000    0.16666666666666             2
   -0.44444444444444   -0.00000000000000    0.16666666666666             2
   -0.33333333333334   -0.00000000000000    0.16666666666666             2
   -0.22222222222222   -0.00000000000000    0.16666666666666             2
   -0.11111111111111   -0.00000000000000    0.16666666666666             2
   -0.00000000000000    0.07692307692308    0.16666666666666             2
    0.11111111111111    0.07692307692308    0.16666666666666             2
    0.22222222222222    0.07692307692308    0.16666666666666             2
    0.33333333333334    0.07692307692308    0.16666666666666             2
    0.44444444444444    0.07692307692308    0.16666666666666             2
   -0.44444444444444    0.07692307692308    0.16666666666666             2
   -0.33333333333334    0.07692307692308    0.16666666666666             2
   -0.22222222222222    0.07692307692308    0.16666666666666             2
   -0.11111111111111    0.07692307692308    0.16666666666666             2
    0.00000000000000    0.15384615384615    0.16666666666666             2
    0.11111111111111    0.15384615384615    0.16666666666666             2
    0.22222222222222    0.15384615384615    0.16666666666666             2
    0.33333333333334    0.15384615384615    0.16666666666666             2
    0.44444444444444    0.15384615384615    0.16666666666666             2
   -0.44444444444444    0.15384615384615    0.16666666666666             2
   -0.33333333333334    0.15384615384615    0.16666666666666             2
   -0.22222222222222    0.15384615384615    0.16666666666666             2
   -0.11111111111111    0.15384615384615    0.16666666666666             2
    0.00000000000000    0.23076923076923    0.16666666666666             2
    0.11111111111111    0.23076923076923    0.16666666666666             2
    0.22222222222222    0.23076923076923    0.16666666666666             2
    0.33333333333334    0.23076923076923    0.16666666666666             2
    0.44444444444444    0.23076923076923    0.16666666666666             2
   -0.44444444444444    0.23076923076923    0.16666666666666             2
   -0.33333333333334    0.23076923076923    0.16666666666666             2
   -0.22222222222222    0.23076923076923    0.16666666666666             2
   -0.11111111111111    0.23076923076923    0.16666666666666             2
   -0.00000000000000    0.30769230769231    0.16666666666666             2
    0.11111111111111    0.30769230769231    0.16666666666666             2
    0.22222222222222    0.30769230769231    0.16666666666666             2
    0.33333333333334    0.30769230769231    0.16666666666666             2
    0.44444444444444    0.30769230769231    0.16666666666666             2
   -0.44444444444444    0.30769230769231    0.16666666666666             2
   -0.33333333333334    0.30769230769231    0.16666666666666             2
   -0.22222222222222    0.30769230769231    0.16666666666666             2
   -0.11111111111111    0.30769230769231    0.16666666666666             2
   -0.00000000000000    0.38461538461539    0.16666666666666             2
    0.11111111111111    0.38461538461539    0.16666666666666             2
    0.22222222222222    0.38461538461539    0.16666666666666             2
    0.33333333333334    0.38461538461539    0.16666666666666             2
    0.44444444444444    0.38461538461539    0.16666666666666             2
   -0.44444444444444    0.38461538461539    0.16666666666666             2
   -0.33333333333334    0.38461538461539    0.16666666666666             2
   -0.22222222222222    0.38461538461539    0.16666666666666             2
   -0.11111111111111    0.38461538461539    0.16666666666666             2
   -0.00000000000000    0.46153846153846    0.16666666666666             2
    0.11111111111111    0.46153846153846    0.16666666666666             2
    0.22222222222222    0.46153846153846    0.16666666666666             2
    0.33333333333334    0.46153846153846    0.16666666666666             2
    0.44444444444444    0.46153846153846    0.16666666666666             2
   -0.44444444444444    0.46153846153846    0.16666666666666             2
   -0.33333333333334    0.46153846153846    0.16666666666666             2
   -0.22222222222222    0.46153846153846    0.16666666666666             2
   -0.11111111111111    0.46153846153846    0.16666666666666             2
   -0.00000000000000   -0.46153846153846    0.16666666666666             2
    0.11111111111111   -0.46153846153846    0.16666666666666             2
    0.22222222222222   -0.46153846153846    0.16666666666666             2
    0.33333333333334   -0.46153846153846    0.16666666666666             2
    0.44444444444444   -0.46153846153846    0.16666666666666             2
   -0.44444444444444   -0.46153846153846    0.16666666666666             2
   -0.33333333333334   -0.46153846153846    0.16666666666666             2
   -0.22222222222222   -0.46153846153846    0.16666666666666             2
   -0.11111111111111   -0.46153846153846    0.16666666666666             2
    0.00000000000000   -0.38461538461539    0.16666666666666             2
    0.11111111111111   -0.38461538461539    0.16666666666666             2
    0.22222222222222   -0.38461538461539    0.16666666666666             2
    0.33333333333334   -0.38461538461539    0.16666666666666             2
    0.44444444444444   -0.38461538461539    0.16666666666666             2
   -0.44444444444444   -0.38461538461539    0.16666666666666             2
   -0.33333333333334   -0.38461538461539    0.16666666666666             2
   -0.22222222222222   -0.38461538461539    0.16666666666666             2
   -0.11111111111111   -0.38461538461539    0.16666666666666             2
   -0.00000000000000   -0.30769230769231    0.16666666666666             2
    0.11111111111111   -0.30769230769231    0.16666666666666             2
    0.22222222222222   -0.30769230769231    0.16666666666666             2
    0.33333333333334   -0.30769230769231    0.16666666666666             2
    0.44444444444444   -0.30769230769231    0.16666666666666             2
   -0.44444444444444   -0.30769230769231    0.16666666666666             2
   -0.33333333333334   -0.30769230769231    0.16666666666666             2
   -0.22222222222222   -0.30769230769231    0.16666666666666             2
   -0.11111111111111   -0.30769230769231    0.16666666666666             2
   -0.00000000000000   -0.23076923076923    0.16666666666666             2
    0.11111111111111   -0.23076923076923    0.16666666666666             2
    0.22222222222222   -0.23076923076923    0.16666666666666             2
    0.33333333333334   -0.23076923076923    0.16666666666666             2
    0.44444444444444   -0.23076923076923    0.16666666666666             2
   -0.44444444444444   -0.23076923076923    0.16666666666666             2
   -0.33333333333334   -0.23076923076923    0.16666666666666             2
   -0.22222222222222   -0.23076923076923    0.16666666666666             2
   -0.11111111111111   -0.23076923076923    0.16666666666666             2
   -0.00000000000000   -0.15384615384615    0.16666666666666             2
    0.11111111111111   -0.15384615384615    0.16666666666666             2
    0.22222222222222   -0.15384615384615    0.16666666666666             2
    0.33333333333334   -0.15384615384615    0.16666666666666             2
    0.44444444444444   -0.15384615384615    0.16666666666666             2
   -0.44444444444444   -0.15384615384615    0.16666666666666             2
   -0.33333333333334   -0.15384615384615    0.16666666666666             2
   -0.22222222222222   -0.15384615384615    0.16666666666666             2
   -0.11111111111111   -0.15384615384615    0.16666666666666             2
    0.00000000000000   -0.07692307692308    0.16666666666666             2
    0.11111111111111   -0.07692307692308    0.16666666666666             2
    0.22222222222222   -0.07692307692308    0.16666666666666             2
    0.33333333333334   -0.07692307692308    0.16666666666666             2
    0.44444444444444   -0.07692307692308    0.16666666666666             2
   -0.44444444444444   -0.07692307692308    0.16666666666666             2
   -0.33333333333334   -0.07692307692308    0.16666666666666             2
   -0.22222222222222   -0.07692307692308    0.16666666666666             2
   -0.11111111111111   -0.07692307692308    0.16666666666666             2
    0.00000000000000   -0.00000000000000    0.25000000000000             2
    0.11111111111111   -0.00000000000000    0.25000000000000             2
    0.22222222222222   -0.00000000000000    0.25000000000000             2
    0.33333333333334    0.00000000000000    0.25000000000000             2
    0.44444444444444   -0.00000000000000    0.25000000000000             2
   -0.44444444444444   -0.00000000000000    0.25000000000000             2
   -0.33333333333334    0.00000000000000    0.25000000000000             2
   -0.22222222222222   -0.00000000000000    0.25000000000000             2
   -0.11111111111111   -0.00000000000000    0.25000000000000             2
    0.00000000000000    0.07692307692308    0.25000000000000             2
    0.11111111111111    0.07692307692308    0.25000000000000             2
    0.22222222222222    0.07692307692308    0.25000000000000             2
    0.33333333333334    0.07692307692308    0.25000000000000             2
    0.44444444444444    0.07692307692308    0.25000000000000             2
   -0.44444444444444    0.07692307692308    0.25000000000000             2
   -0.33333333333334    0.07692307692308    0.25000000000000             2
   -0.22222222222222    0.07692307692308    0.25000000000000             2
   -0.11111111111111    0.07692307692308    0.25000000000000             2
    0.00000000000000    0.15384615384615    0.25000000000000             2
    0.11111111111111    0.15384615384615    0.25000000000000             2
    0.22222222222222    0.15384615384615    0.25000000000000             2
    0.33333333333334    0.15384615384615    0.25000000000000             2
    0.44444444444444    0.15384615384615    0.25000000000000             2
   -0.44444444444444    0.15384615384615    0.25000000000000             2
   -0.33333333333334    0.15384615384615    0.25000000000000             2
   -0.22222222222222    0.15384615384615    0.25000000000000             2
   -0.11111111111111    0.15384615384615    0.25000000000000             2
   -0.00000000000000    0.23076923076923    0.25000000000000             2
    0.11111111111111    0.23076923076923    0.25000000000000             2
    0.22222222222222    0.23076923076923    0.25000000000000             2
    0.33333333333334    0.23076923076923    0.25000000000000             2
    0.44444444444444    0.23076923076923    0.25000000000000             2
   -0.44444444444444    0.23076923076923    0.25000000000000             2
   -0.33333333333334    0.23076923076923    0.25000000000000             2
   -0.22222222222222    0.23076923076923    0.25000000000000             2
   -0.11111111111111    0.23076923076923    0.25000000000000             2
    0.00000000000000    0.30769230769231    0.25000000000000             2
    0.11111111111111    0.30769230769231    0.25000000000000             2
    0.22222222222222    0.30769230769231    0.25000000000000             2
    0.33333333333334    0.30769230769231    0.25000000000000             2
    0.44444444444444    0.30769230769231    0.25000000000000             2
   -0.44444444444444    0.30769230769231    0.25000000000000             2
   -0.33333333333334    0.30769230769231    0.25000000000000             2
   -0.22222222222222    0.30769230769231    0.25000000000000             2
   -0.11111111111111    0.30769230769231    0.25000000000000             2
    0.00000000000000    0.38461538461539    0.25000000000000             2
    0.11111111111111    0.38461538461539    0.25000000000000             2
    0.22222222222222    0.38461538461539    0.25000000000000             2
    0.33333333333334    0.38461538461539    0.25000000000000             2
    0.44444444444444    0.38461538461539    0.25000000000000             2
   -0.44444444444444    0.38461538461539    0.25000000000000             2
   -0.33333333333334    0.38461538461539    0.25000000000000             2
   -0.22222222222222    0.38461538461539    0.25000000000000             2
   -0.11111111111111    0.38461538461539    0.25000000000000             2
    0.00000000000000    0.46153846153846    0.25000000000000             2
    0.11111111111111    0.46153846153846    0.25000000000000             2
    0.22222222222222    0.46153846153846    0.25000000000000             2
    0.33333333333334    0.46153846153846    0.25000000000000             2
    0.44444444444444    0.46153846153846    0.25000000000000             2
   -0.44444444444444    0.46153846153846    0.25000000000000             2
   -0.33333333333334    0.46153846153846    0.25000000000000             2
   -0.22222222222222    0.46153846153846    0.25000000000000             2
   -0.11111111111111    0.46153846153846    0.25000000000000             2
    0.00000000000000   -0.46153846153846    0.25000000000000             2
    0.11111111111111   -0.46153846153846    0.25000000000000             2
    0.22222222222222   -0.46153846153846    0.25000000000000             2
    0.33333333333334   -0.46153846153846    0.25000000000000             2
    0.44444444444444   -0.46153846153846    0.25000000000000             2
   -0.44444444444444   -0.46153846153846    0.25000000000000             2
   -0.33333333333334   -0.46153846153846    0.25000000000000             2
   -0.22222222222222   -0.46153846153846    0.25000000000000             2
   -0.11111111111111   -0.46153846153846    0.25000000000000             2
    0.00000000000000   -0.38461538461539    0.25000000000000             2
    0.11111111111111   -0.38461538461539    0.25000000000000             2
    0.22222222222222   -0.38461538461539    0.25000000000000             2
    0.33333333333334   -0.38461538461539    0.25000000000000             2
    0.44444444444444   -0.38461538461539    0.25000000000000             2
   -0.44444444444444   -0.38461538461539    0.25000000000000             2
   -0.33333333333334   -0.38461538461539    0.25000000000000             2
   -0.22222222222222   -0.38461538461539    0.25000000000000             2
   -0.11111111111111   -0.38461538461539    0.25000000000000             2
   -0.00000000000000   -0.30769230769231    0.25000000000000             2
    0.11111111111111   -0.30769230769231    0.25000000000000             2
    0.22222222222222   -0.30769230769231    0.25000000000000             2
    0.33333333333334   -0.30769230769231    0.25000000000000             2
    0.44444444444444   -0.30769230769231    0.25000000000000             2
   -0.44444444444444   -0.30769230769231    0.25000000000000             2
   -0.33333333333334   -0.30769230769231    0.25000000000000             2
   -0.22222222222222   -0.30769230769231    0.25000000000000             2
   -0.11111111111111   -0.30769230769231    0.25000000000000             2
    0.00000000000000   -0.23076923076923    0.25000000000000             2
    0.11111111111111   -0.23076923076923    0.25000000000000             2
    0.22222222222222   -0.23076923076923    0.25000000000000             2
    0.33333333333334   -0.23076923076923    0.25000000000000             2
    0.44444444444444   -0.23076923076923    0.25000000000000             2
   -0.44444444444444   -0.23076923076923    0.25000000000000             2
   -0.33333333333334   -0.23076923076923    0.25000000000000             2
   -0.22222222222222   -0.23076923076923    0.25000000000000             2
   -0.11111111111111   -0.23076923076923    0.25000000000000             2
   -0.00000000000000   -0.15384615384615    0.25000000000000             2
    0.11111111111111   -0.15384615384615    0.25000000000000             2
    0.22222222222222   -0.15384615384615    0.25000000000000             2
    0.33333333333334   -0.15384615384615    0.25000000000000             2
    0.44444444444444   -0.15384615384615    0.25000000000000             2
   -0.44444444444444   -0.15384615384615    0.25000000000000             2
   -0.33333333333334   -0.15384615384615    0.25000000000000             2
   -0.22222222222222   -0.15384615384615    0.25000000000000             2
   -0.11111111111111   -0.15384615384615    0.25000000000000             2
    0.00000000000000   -0.07692307692308    0.25000000000000             2
    0.11111111111111   -0.07692307692308    0.25000000000000             2
    0.22222222222222   -0.07692307692308    0.25000000000000             2
    0.33333333333334   -0.07692307692308    0.25000000000000             2
    0.44444444444444   -0.07692307692308    0.25000000000000             2
   -0.44444444444444   -0.07692307692308    0.25000000000000             2
   -0.33333333333334   -0.07692307692308    0.25000000000000             2
   -0.22222222222222   -0.07692307692308    0.25000000000000             2
   -0.11111111111111   -0.07692307692308    0.25000000000000             2
    0.00000000000000   -0.00000000000000    0.33333333333334             2
    0.11111111111111   -0.00000000000000    0.33333333333334             2
    0.22222222222222   -0.00000000000000    0.33333333333334             2
    0.33333333333334   -0.00000000000000    0.33333333333334             2
    0.44444444444444   -0.00000000000000    0.33333333333334             2
   -0.44444444444444   -0.00000000000000    0.33333333333334             2
   -0.33333333333334   -0.00000000000000    0.33333333333334             2
   -0.22222222222222   -0.00000000000000    0.33333333333334             2
   -0.11111111111111   -0.00000000000000    0.33333333333334             2
    0.00000000000000    0.07692307692308    0.33333333333334             2
    0.11111111111111    0.07692307692308    0.33333333333334             2
    0.22222222222222    0.07692307692308    0.33333333333334             2
    0.33333333333334    0.07692307692308    0.33333333333334             2
    0.44444444444444    0.07692307692308    0.33333333333334             2
   -0.44444444444444    0.07692307692308    0.33333333333334             2
   -0.33333333333334    0.07692307692308    0.33333333333334             2
   -0.22222222222222    0.07692307692308    0.33333333333334             2
   -0.11111111111111    0.07692307692308    0.33333333333334             2
    0.00000000000000    0.15384615384615    0.33333333333334             2
    0.11111111111111    0.15384615384615    0.33333333333334             2
    0.22222222222222    0.15384615384615    0.33333333333334             2
    0.33333333333334    0.15384615384615    0.33333333333334             2
    0.44444444444444    0.15384615384615    0.33333333333334             2
   -0.44444444444444    0.15384615384615    0.33333333333334             2
   -0.33333333333334    0.15384615384615    0.33333333333334             2
   -0.22222222222222    0.15384615384615    0.33333333333334             2
   -0.11111111111111    0.15384615384615    0.33333333333334             2
    0.00000000000000    0.23076923076923    0.33333333333334             2
    0.11111111111111    0.23076923076923    0.33333333333334             2
    0.22222222222222    0.23076923076923    0.33333333333334             2
    0.33333333333334    0.23076923076923    0.33333333333334             2
    0.44444444444444    0.23076923076923    0.33333333333334             2
   -0.44444444444444    0.23076923076923    0.33333333333334             2
   -0.33333333333334    0.23076923076923    0.33333333333334             2
   -0.22222222222222    0.23076923076923    0.33333333333334             2
   -0.11111111111111    0.23076923076923    0.33333333333334             2
    0.00000000000000    0.30769230769231    0.33333333333334             2
    0.11111111111111    0.30769230769231    0.33333333333334             2
    0.22222222222222    0.30769230769231    0.33333333333334             2
    0.33333333333334    0.30769230769231    0.33333333333334             2
    0.44444444444444    0.30769230769231    0.33333333333334             2
   -0.44444444444444    0.30769230769231    0.33333333333334             2
   -0.33333333333334    0.30769230769231    0.33333333333334             2
   -0.22222222222222    0.30769230769231    0.33333333333334             2
   -0.11111111111111    0.30769230769231    0.33333333333334             2
   -0.00000000000000    0.38461538461539    0.33333333333334             2
    0.11111111111111    0.38461538461539    0.33333333333334             2
    0.22222222222222    0.38461538461539    0.33333333333334             2
    0.33333333333334    0.38461538461539    0.33333333333334             2
    0.44444444444444    0.38461538461539    0.33333333333334             2
   -0.44444444444444    0.38461538461539    0.33333333333334             2
   -0.33333333333334    0.38461538461539    0.33333333333334             2
   -0.22222222222222    0.38461538461539    0.33333333333334             2
   -0.11111111111111    0.38461538461539    0.33333333333334             2
    0.00000000000000    0.46153846153846    0.33333333333334             2
    0.11111111111111    0.46153846153846    0.33333333333334             2
    0.22222222222222    0.46153846153846    0.33333333333334             2
    0.33333333333334    0.46153846153846    0.33333333333334             2
    0.44444444444444    0.46153846153846    0.33333333333334             2
   -0.44444444444444    0.46153846153846    0.33333333333334             2
   -0.33333333333334    0.46153846153846    0.33333333333334             2
   -0.22222222222222    0.46153846153846    0.33333333333334             2
   -0.11111111111111    0.46153846153846    0.33333333333334             2
   -0.00000000000000   -0.46153846153846    0.33333333333334             2
    0.11111111111111   -0.46153846153846    0.33333333333334             2
    0.22222222222222   -0.46153846153846    0.33333333333334             2
    0.33333333333334   -0.46153846153846    0.33333333333334             2
    0.44444444444444   -0.46153846153846    0.33333333333334             2
   -0.44444444444444   -0.46153846153846    0.33333333333334             2
   -0.33333333333334   -0.46153846153846    0.33333333333334             2
   -0.22222222222222   -0.46153846153846    0.33333333333334             2
   -0.11111111111111   -0.46153846153846    0.33333333333334             2
    0.00000000000000   -0.38461538461539    0.33333333333334             2
    0.11111111111111   -0.38461538461539    0.33333333333334             2
    0.22222222222222   -0.38461538461539    0.33333333333334             2
    0.33333333333334   -0.38461538461539    0.33333333333334             2
    0.44444444444444   -0.38461538461539    0.33333333333334             2
   -0.44444444444444   -0.38461538461539    0.33333333333334             2
   -0.33333333333334   -0.38461538461539    0.33333333333334             2
   -0.22222222222222   -0.38461538461539    0.33333333333334             2
   -0.11111111111111   -0.38461538461539    0.33333333333334             2
   -0.00000000000000   -0.30769230769231    0.33333333333334             2
    0.11111111111111   -0.30769230769231    0.33333333333334             2
    0.22222222222222   -0.30769230769231    0.33333333333334             2
    0.33333333333334   -0.30769230769231    0.33333333333334             2
    0.44444444444444   -0.30769230769231    0.33333333333334             2
   -0.44444444444444   -0.30769230769231    0.33333333333334             2
   -0.33333333333334   -0.30769230769231    0.33333333333334             2
   -0.22222222222222   -0.30769230769231    0.33333333333334             2
   -0.11111111111111   -0.30769230769231    0.33333333333334             2
    0.00000000000000   -0.23076923076923    0.33333333333334             2
    0.11111111111111   -0.23076923076923    0.33333333333334             2
    0.22222222222222   -0.23076923076923    0.33333333333334             2
    0.33333333333334   -0.23076923076923    0.33333333333334             2
    0.44444444444444   -0.23076923076923    0.33333333333334             2
   -0.44444444444444   -0.23076923076923    0.33333333333334             2
   -0.33333333333334   -0.23076923076923    0.33333333333334             2
   -0.22222222222222   -0.23076923076923    0.33333333333334             2
   -0.11111111111111   -0.23076923076923    0.33333333333334             2
   -0.00000000000000   -0.15384615384615    0.33333333333334             2
    0.11111111111111   -0.15384615384615    0.33333333333334             2
    0.22222222222222   -0.15384615384615    0.33333333333334             2
    0.33333333333334   -0.15384615384615    0.33333333333334             2
    0.44444444444444   -0.15384615384615    0.33333333333334             2
   -0.44444444444444   -0.15384615384615    0.33333333333334             2
   -0.33333333333334   -0.15384615384615    0.33333333333334             2
   -0.22222222222222   -0.15384615384615    0.33333333333334             2
   -0.11111111111111   -0.15384615384615    0.33333333333334             2
   -0.00000000000000   -0.07692307692308    0.33333333333334             2
    0.11111111111111   -0.07692307692308    0.33333333333334             2
    0.22222222222222   -0.07692307692308    0.33333333333334             2
    0.33333333333334   -0.07692307692308    0.33333333333334             2
    0.44444444444444   -0.07692307692308    0.33333333333334             2
   -0.44444444444444   -0.07692307692308    0.33333333333334             2
   -0.33333333333334   -0.07692307692308    0.33333333333334             2
   -0.22222222222222   -0.07692307692308    0.33333333333334             2
   -0.11111111111111   -0.07692307692308    0.33333333333334             2
    0.00000000000000   -0.00000000000000    0.41666666666666             2
    0.11111111111111   -0.00000000000000    0.41666666666666             2
    0.22222222222222   -0.00000000000000    0.41666666666666             2
    0.33333333333334   -0.00000000000000    0.41666666666666             2
    0.44444444444444   -0.00000000000000    0.41666666666666             2
   -0.44444444444444   -0.00000000000000    0.41666666666666             2
   -0.33333333333334   -0.00000000000000    0.41666666666666             2
   -0.22222222222222   -0.00000000000000    0.41666666666666             2
   -0.11111111111111    0.00000000000000    0.41666666666666             2
    0.00000000000000    0.07692307692308    0.41666666666666             2
    0.11111111111111    0.07692307692308    0.41666666666666             2
    0.22222222222222    0.07692307692308    0.41666666666666             2
    0.33333333333334    0.07692307692308    0.41666666666666             2
    0.44444444444444    0.07692307692308    0.41666666666666             2
   -0.44444444444444    0.07692307692308    0.41666666666666             2
   -0.33333333333334    0.07692307692308    0.41666666666666             2
   -0.22222222222222    0.07692307692308    0.41666666666666             2
   -0.11111111111111    0.07692307692308    0.41666666666666             2
    0.00000000000000    0.15384615384615    0.41666666666666             2
    0.11111111111111    0.15384615384615    0.41666666666666             2
    0.22222222222222    0.15384615384615    0.41666666666666             2
    0.33333333333334    0.15384615384615    0.41666666666666             2
    0.44444444444444    0.15384615384615    0.41666666666666             2
   -0.44444444444444    0.15384615384615    0.41666666666666             2
   -0.33333333333334    0.15384615384615    0.41666666666666             2
   -0.22222222222222    0.15384615384615    0.41666666666666             2
   -0.11111111111111    0.15384615384615    0.41666666666666             2
    0.00000000000000    0.23076923076923    0.41666666666666             2
    0.11111111111111    0.23076923076923    0.41666666666666             2
    0.22222222222222    0.23076923076923    0.41666666666666             2
    0.33333333333334    0.23076923076923    0.41666666666666             2
    0.44444444444444    0.23076923076923    0.41666666666666             2
   -0.44444444444444    0.23076923076923    0.41666666666666             2
   -0.33333333333334    0.23076923076923    0.41666666666666             2
   -0.22222222222222    0.23076923076923    0.41666666666666             2
   -0.11111111111111    0.23076923076923    0.41666666666666             2
    0.00000000000000    0.30769230769231    0.41666666666666             2
    0.11111111111111    0.30769230769231    0.41666666666666             2
    0.22222222222222    0.30769230769231    0.41666666666666             2
    0.33333333333334    0.30769230769231    0.41666666666666             2
    0.44444444444444    0.30769230769231    0.41666666666666             2
   -0.44444444444444    0.30769230769231    0.41666666666666             2
   -0.33333333333334    0.30769230769231    0.41666666666666             2
   -0.22222222222222    0.30769230769231    0.41666666666666             2
   -0.11111111111111    0.30769230769231    0.41666666666666             2
    0.00000000000000    0.38461538461539    0.41666666666666             2
    0.11111111111111    0.38461538461539    0.41666666666666             2
    0.22222222222222    0.38461538461539    0.41666666666666             2
    0.33333333333334    0.38461538461539    0.41666666666666             2
    0.44444444444444    0.38461538461539    0.41666666666666             2
   -0.44444444444444    0.38461538461539    0.41666666666666             2
   -0.33333333333334    0.38461538461539    0.41666666666666             2
   -0.22222222222222    0.38461538461539    0.41666666666666             2
   -0.11111111111111    0.38461538461539    0.41666666666666             2
    0.00000000000000    0.46153846153846    0.41666666666666             2
    0.11111111111111    0.46153846153846    0.41666666666666             2
    0.22222222222222    0.46153846153846    0.41666666666666             2
    0.33333333333334    0.46153846153846    0.41666666666666             2
    0.44444444444444    0.46153846153846    0.41666666666666             2
   -0.44444444444444    0.46153846153846    0.41666666666666             2
   -0.33333333333334    0.46153846153846    0.41666666666666             2
   -0.22222222222222    0.46153846153846    0.41666666666666             2
   -0.11111111111111    0.46153846153846    0.41666666666666             2
   -0.00000000000000   -0.46153846153846    0.41666666666666             2
    0.11111111111111   -0.46153846153846    0.41666666666666             2
    0.22222222222222   -0.46153846153846    0.41666666666666             2
    0.33333333333334   -0.46153846153846    0.41666666666666             2
    0.44444444444444   -0.46153846153846    0.41666666666666             2
   -0.44444444444444   -0.46153846153846    0.41666666666666             2
   -0.33333333333334   -0.46153846153846    0.41666666666666             2
   -0.22222222222222   -0.46153846153846    0.41666666666666             2
   -0.11111111111111   -0.46153846153846    0.41666666666666             2
    0.00000000000000   -0.38461538461539    0.41666666666666             2
    0.11111111111111   -0.38461538461539    0.41666666666666             2
    0.22222222222222   -0.38461538461539    0.41666666666666             2
    0.33333333333334   -0.38461538461539    0.41666666666666             2
    0.44444444444444   -0.38461538461539    0.41666666666666             2
   -0.44444444444444   -0.38461538461539    0.41666666666666             2
   -0.33333333333334   -0.38461538461539    0.41666666666666             2
   -0.22222222222222   -0.38461538461539    0.41666666666666             2
   -0.11111111111111   -0.38461538461539    0.41666666666666             2
   -0.00000000000000   -0.30769230769231    0.41666666666666             2
    0.11111111111111   -0.30769230769231    0.41666666666666             2
    0.22222222222222   -0.30769230769231    0.41666666666666             2
    0.33333333333334   -0.30769230769231    0.41666666666666             2
    0.44444444444444   -0.30769230769231    0.41666666666666             2
   -0.44444444444444   -0.30769230769231    0.41666666666666             2
   -0.33333333333334   -0.30769230769231    0.41666666666666             2
   -0.22222222222222   -0.30769230769231    0.41666666666666             2
   -0.11111111111111   -0.30769230769231    0.41666666666666             2
    0.00000000000000   -0.23076923076923    0.41666666666666             2
    0.11111111111111   -0.23076923076923    0.41666666666666             2
    0.22222222222222   -0.23076923076923    0.41666666666666             2
    0.33333333333334   -0.23076923076923    0.41666666666666             2
    0.44444444444444   -0.23076923076923    0.41666666666666             2
   -0.44444444444444   -0.23076923076923    0.41666666666666             2
   -0.33333333333334   -0.23076923076923    0.41666666666666             2
   -0.22222222222222   -0.23076923076923    0.41666666666666             2
   -0.11111111111111   -0.23076923076923    0.41666666666666             2
   -0.00000000000000   -0.15384615384615    0.41666666666666             2
    0.11111111111111   -0.15384615384615    0.41666666666666             2
    0.22222222222222   -0.15384615384615    0.41666666666666             2
    0.33333333333334   -0.15384615384615    0.41666666666666             2
    0.44444444444444   -0.15384615384615    0.41666666666666             2
   -0.44444444444444   -0.15384615384615    0.41666666666666             2
   -0.33333333333334   -0.15384615384615    0.41666666666666             2
   -0.22222222222222   -0.15384615384615    0.41666666666666             2
   -0.11111111111111   -0.15384615384615    0.41666666666666             2
   -0.00000000000000   -0.07692307692308    0.41666666666666             2
    0.11111111111111   -0.07692307692308    0.41666666666666             2
    0.22222222222222   -0.07692307692308    0.41666666666666             2
    0.33333333333334   -0.07692307692308    0.41666666666666             2
    0.44444444444444   -0.07692307692308    0.41666666666666             2
   -0.44444444444444   -0.07692307692308    0.41666666666666             2
   -0.33333333333334   -0.07692307692308    0.41666666666666             2
   -0.22222222222222   -0.07692307692308    0.41666666666666             2
   -0.11111111111111   -0.07692307692308    0.41666666666666             2
    0.00000000000000   -0.00000000000000    0.50000000000000             1
    0.11111111111111   -0.00000000000000    0.50000000000000             2
    0.22222222222222   -0.00000000000000    0.50000000000000             2
    0.33333333333334    0.00000000000000    0.50000000000000             2
    0.44444444444444   -0.00000000000000    0.50000000000000             2
    0.00000000000000    0.07692307692308    0.50000000000000             2
    0.11111111111111    0.07692307692308    0.50000000000000             2
    0.22222222222222    0.07692307692308    0.50000000000000             2
    0.33333333333334    0.07692307692308    0.50000000000000             2
    0.44444444444444    0.07692307692308    0.50000000000000             2
   -0.44444444444444    0.07692307692308    0.50000000000000             2
   -0.33333333333334    0.07692307692308    0.50000000000000             2
   -0.22222222222222    0.07692307692308    0.50000000000000             2
   -0.11111111111111    0.07692307692308    0.50000000000000             2
    0.00000000000000    0.15384615384615    0.50000000000000             2
    0.11111111111111    0.15384615384615    0.50000000000000             2
    0.22222222222222    0.15384615384615    0.50000000000000             2
    0.33333333333334    0.15384615384615    0.50000000000000             2
    0.44444444444444    0.15384615384615    0.50000000000000             2
   -0.44444444444444    0.15384615384615    0.50000000000000             2
   -0.33333333333334    0.15384615384615    0.50000000000000             2
   -0.22222222222222    0.15384615384615    0.50000000000000             2
   -0.11111111111111    0.15384615384615    0.50000000000000             2
    0.00000000000000    0.23076923076923    0.50000000000000             2
    0.11111111111111    0.23076923076923    0.50000000000000             2
    0.22222222222222    0.23076923076923    0.50000000000000             2
    0.33333333333334    0.23076923076923    0.50000000000000             2
    0.44444444444444    0.23076923076923    0.50000000000000             2
   -0.44444444444444    0.23076923076923    0.50000000000000             2
   -0.33333333333334    0.23076923076923    0.50000000000000             2
   -0.22222222222222    0.23076923076923    0.50000000000000             2
   -0.11111111111111    0.23076923076923    0.50000000000000             2
    0.00000000000000    0.30769230769231    0.50000000000000             2
    0.11111111111111    0.30769230769231    0.50000000000000             2
    0.22222222222222    0.30769230769231    0.50000000000000             2
    0.33333333333334    0.30769230769231    0.50000000000000             2
    0.44444444444444    0.30769230769231    0.50000000000000             2
   -0.44444444444444    0.30769230769231    0.50000000000000             2
   -0.33333333333334    0.30769230769231    0.50000000000000             2
   -0.22222222222222    0.30769230769231    0.50000000000000             2
   -0.11111111111111    0.30769230769231    0.50000000000000             2
    0.00000000000000    0.38461538461539    0.50000000000000             2
    0.11111111111111    0.38461538461539    0.50000000000000             2
    0.22222222222222    0.38461538461539    0.50000000000000             2
    0.33333333333334    0.38461538461539    0.50000000000000             2
    0.44444444444444    0.38461538461539    0.50000000000000             2
   -0.44444444444444    0.38461538461539    0.50000000000000             2
   -0.33333333333334    0.38461538461539    0.50000000000000             2
   -0.22222222222222    0.38461538461539    0.50000000000000             2
   -0.11111111111111    0.38461538461539    0.50000000000000             2
    0.00000000000000    0.46153846153846    0.50000000000000             2
    0.11111111111111    0.46153846153846    0.50000000000000             2
    0.22222222222222    0.46153846153846    0.50000000000000             2
    0.33333333333334    0.46153846153846    0.50000000000000             2
    0.44444444444444    0.46153846153846    0.50000000000000             2
   -0.44444444444444    0.46153846153846    0.50000000000000             2
   -0.33333333333334    0.46153846153846    0.50000000000000             2
   -0.22222222222222    0.46153846153846    0.50000000000000             2
   -0.11111111111111    0.46153846153846    0.50000000000000             2
